0 9
1 5
2 3
3 9
4 5
5 5
6 5
7 1
8 5
9 5
10 7
11 11
12 9
13 5
14 5
15 5
16 5
17 5
18 5
19 5
20 5
21 5
22 5
23 5
24 5
25 5
26 5
27 3
28 13
29 3
30 10
31 13
32 4
33 2
34 9
35 5
36 7
37 8
38 5
39 5
40 5
41 2
42 8
43 5
44 1
45 5
46 5
47 5
48 5
49 5
50 5
51 5
52 1
53 3
54 9
55 1
56 9
57 2
58 9
59 6
60 12
61 1
62 7
63 10
64 10
65 9
66 1
67 6
68 9
69 7
70 9
71 6
72 10
73 9
74 4
75 7
76 9
77 5
78 5
79 5
80 3
81 9
82 6
83 10
84 10
85 9
86 2
87 10
88 12
89 3
90 9
91 2
92 9
93 6
94 10
95 12
96 6
97 13
98 2
99 13
100 4
101 7
102 10
103 10
104 13
105 3
106 10
107 9
108 5
109 3
110 10
111 12
112 7
113 8
114 2
115 10
116 14
117 10
118 9
119 6
120 10
121 10
122 12
123 1
124 2
125 9
126 5
127 5
128 4
129 5
130 1
131 5
132 6
133 9
134 7
135 8
136 2
137 10
138 11
139 10
140 12
141 1
142 5
143 6
144 10
145 8
146 5
147 0
148 4
149 3
150 10
151 10
152 13
153 6
154 10
155 10
156 9
157 5
158 1
159 7
160 12
161 5
162 1
163 3
164 13
165 6
166 10
167 12
168 6
169 8
170 7
171 8
172 5
173 7
174 10
175 8
176 7
177 10
178 13
179 6
180 10
181 10
182 13
183 5
184 6
185 10
186 14
187 11
188 10
189 11
190 9
191 7
192 14
193 12
194 5
195 7
196 8
197 1
198 3
199 10
200 9
201 4
202 5
203 3
204 14
205 10
206 11
207 12
208 1
209 3
210 10
211 12
212 1
213 5
214 5
215 4
216 5
217 2
218 10
219 12
220 2
221 9
222 5
223 5
224 5
225 5
226 6
227 10
228 14
229 10
230 14
231 13
232 3
233 10
234 9
235 6
236 8
237 7
238 10
239 10
240 12
241 7
242 8
243 3
244 9
245 5
246 7
247 8
248 6
249 9
250 6
251 10
252 9
253 5
254 5
255 5
256 5
257 2
258 11
259 8
260 5
261 1
262 6
263 10
264 14
265 9
266 4
267 5
268 6
269 10
270 9
271 5
272 2
273 10
274 10
275 11
276 11
277 14
278 11
279 12
280 1
281 2
282 10
283 9
284 5
285 5
286 3
287 10
288 10
289 14
290 11
291 12
292 3
293 10
294 8
295 6
296 9
297 7
298 11
299 10
300 10
301 13
302 6
303 10
304 10
305 10
306 8
307 7
308 8
309 7
310 14
311 10
312 10
313 10
314 9
315 7
316 10
317 14
318 8
319 1
320 4
321 7
322 10
323 10
324 12
325 1
326 0
327 5
328 2
329 10
330 8
331 1
332 5
333 2
334 10
335 12
336 4
337 3
338 10
339 9
340 5
341 6
342 14
343 10
344 12
345 3
346 8
347 5
348 2
349 10
350 9
351 5
352 6
353 10
354 9
355 6
356 10
357 11
358 10
359 10
360 10
361 10
362 11
363 10
364 10
365 9
366 3
367 8
368 2
369 12
370 5
371 5
372 5
373 6
374 9
375 6
376 10
377 9
378 6
379 10
380 10
381 13
382 1
383 4
384 6
385 9
386 6
387 10
388 10
389 10
390 14
391 10
392 10
393 10
394 12
395 6
396 12
397 6
398 8
399 5
400 5
401 1
402 5
403 5
404 4
405 7
406 10
407 10
408 11
409 14
410 8
411 1
412 2
413 11
414 9
415 6
416 9
417 4
418 2
419 10
420 9
421 6
422 10
423 10
424 9
425 7
426 11
427 9
428 4
429 3
430 9
431 6
432 9
433 5
434 5
435 5
436 2
437 8
438 4
439 3
440 10
441 10
442 14
443 10
444 12
445 3
446 12
447 3
448 14
449 10
450 12
451 3
452 8
453 2
454 10
455 13
456 2
457 10
458 11
459 10
460 12
461 3
462 10
463 11
464 11
465 13
466 2
467 10
468 11
469 12
470 6
471 12
472 1
473 4
474 7
475 10
476 9
477 2
478 11
479 10
480 9
481 6
482 10
483 10
484 10
485 9
486 6
487 10
488 10
489 10
490 13
491 6
492 10
493 8
494 4
495 3
496 10
497 10
498 10
499 9
500 3
501 9
502 0
503 5
504 7
505 0
506 10
507 14
508 10
509 10
510 10
511 13
512 6
513 14
514 10
515 10
516 9
517 2
518 10
519 12
520 5
521 5
522 6
523 10
524 9
525 6
526 10
527 14
528 10
529 10
530 12
531 2
532 10
533 9
534 1
535 4
536 2
537 11
538 10
539 10
540 8
541 3
542 11
543 9
544 2
545 10
546 10
547 10
548 12
549 5
550 5
551 5
552 5
553 2
554 12
555 7
556 12
557 5
558 6
559 10
560 13
561 6
562 14
563 10
564 14
565 11
566 10
567 12
568 2
569 14
570 10
571 12
572 4
573 6
574 10
575 8
576 6
577 12
578 5
579 1
580 5
581 5
582 5
583 4
584 5
585 5
586 5
587 3
588 9
589 6
590 9
591 5
592 5
593 4
594 3
595 10
596 12
597 7
598 8
599 7
600 10
601 13
602 5
603 5
604 6
605 10
606 9
607 5
608 7
609 10
610 9
611 7
612 9
613 3
614 9
615 3
616 9
617 2
618 12
619 3
620 10
621 9
622 5
623 3
624 8
625 4
626 5
627 5
628 6
629 11
630 10
631 9
632 5
633 5
634 5
635 2
636 10
637 11
638 9
639 6
640 10
641 9
642 2
643 12
644 6
645 12
646 6
647 10
648 9
649 6
650 10
651 10
652 13
653 6
654 10
655 11
656 9
657 5
658 1
659 2
660 10
661 12
662 3
663 13
664 3
665 12
666 6
667 10
668 10
669 9
670 6
671 10
672 10
673 13
674 3
675 9
676 5
677 6
678 12
679 7
680 10
681 8
682 5
683 5
684 2
685 10
686 8
687 7
688 10
689 10
690 10
691 9
692 6
693 9
694 4
695 5
696 5
697 6
698 10
699 12
700 5
701 4
702 2
703 11
704 10
705 12
706 5
707 5
708 5
709 5
710 2
711 10
712 9
713 5
714 2
715 10
716 10
717 11
718 10
719 14
720 10
721 10
722 9
723 4
724 3
725 11
726 9
727 5
728 4
729 3
730 9
731 3
732 12
733 6
734 8
735 5
736 5
737 5
738 5
739 7
740 10
741 10
742 10
743 11
744 10
745 10
746 14
747 10
748 12
749 3
750 10
751 10
752 12
753 3
754 10
755 10
756 10
757 9
758 3
759 10
760 14
761 12
762 5
763 3
764 10
765 9
766 5
767 5
768 3
769 9
770 2
771 10
772 14
773 10
774 12
775 6
776 9
777 2
778 9
779 6
780 10
781 8
782 3
783 10
784 10
785 12
786 2
787 10
788 10
789 12
790 5
791 1
792 5
793 6
794 10
795 14
796 11
797 11
798 8
799 6
800 10
801 12
802 5
803 4
804 5
805 3
806 10
807 10
808 12
809 3
810 10
811 10
812 10
813 14
814 8
815 3
816 12
817 6
818 12
819 5
820 3
821 2
822 5
823 5
824 4
825 5
826 0
827 6
828 8
829 7
830 10
831 9
832 3
833 9
834 3
835 12
836 6
837 10
838 9
839 6
840 10
841 10
842 12
843 5
844 6
845 12
846 5
847 5
848 5
849 3
850 12
851 5
852 5
853 5
854 5
855 7
856 10
857 13
858 4
859 7
860 12
861 6
862 12
863 6
864 12
865 5
866 7
867 10
868 12
869 3
870 12
871 5
872 5
873 5
874 5
875 5
876 5
877 5
878 5
879 4
880 5
881 5
882 5
883 5
884 5
885 5
886 4
887 5
888 5
889 5
890 5
891 5
892 5
893 5
894 5
895 5
896 7
897 12
898 5
899 6
